0
0 0 0 0 0 0 0 0 0 0 0 0 0 0 0 
0 3 6 9 12 
30
38 28 88 50 7 91 37 25 104 44 13 83 49 22 78 
4 7 10 13 1 
60
62 7 97 48 26 99 56 5 93 47 50 98 47 5 98 
7 10 13 1 4 
90
67 9 115 73 21 100 27 63 107 47 7 95 32 92 99 
10 13 1 4 7 
120
9 156 93 61 0 115 77 45 9 29 100 129 58 31 55 
14 0 4 8 10 
150
105 68 44 2 145 102 39 120 169 134 96 59 30 98 134 
3 3 7 13 13 
180
56 15 182 145 108 71 34 9 56 39 253 211 171 138 105 
7 7 9 1 1 
210
187 160 133 84 42 37 193 170 143 77 68 31 323 285 268 
11 11 11 5 5 
240
131 292 288 222 174 152 108 50 9 226 212 179 128 95 26 
0 0 0 8 8 
270
148 106 54 7 310 314 270 206 166 96 72 4 286 249 179 
3 3 3 11 11 
300
314 266 218 149 104 58 11 369 304 231 236 161 100 54 35 
6 6 6 14 14 
330
83 33 267 282 267 208 161 118 70 28 243 303 245 210 148 
10 10 10 2 2 
360
236 185 123 71 8 360 306 263 226 189 140 94 47 0 289 
13 13 13 4 4 
390
71 18 267 223 146 100 45 232 383 321 302 251 177 172 119 
1 1 1 7 7 
420
223 150 119 110 50 8 196 126 60 52 435 412 327 316 266 
5 5 5 9 9 
450
376 290 256 248 205 170 121 83 49 12 72 9 477 464 409 
9 9 9 11 11 
480
524 444 393 394 370 320 251 237 201 164 155 111 89 36 144 
14 14 14 14 14 
Simulation complete. See parameters below:
bus stops:15 buses:5 driving time:5 board time:2 person arrival rate:5
max waiting queue at each stop: 568 525 496 532 531 463 396 406 419 435 469 493 496 548 552 

0
0 0 0 0 0 0 1 0 0 0 0 0 0 0 0 
0 3 6 9 12 
30
46 11 90 38 18 92 43 17 94 40 22 97 38 19 98 
4 7 10 13 1 
Simulation complete. See parameters below:
bus stops:15 buses:5 driving time:5 board time:2 person arrival rate:5
max waiting queue at each stop: 114 109 120 100 87 114 125 92 129 107 106 126 119 109 120 

